TPR: 0.48733439517998334
TNR: 0.9648785980457472
FPR: 0.035121401954253034
FNR: 0.5126656048200167
Accuracy: 0.9710227272727273
Precision: 0.7502448579823702
Recall: 1.0
F1 Score: 0.8573027420257414
