2017/10/18 13:08:47
TPR: 0.759595238095238
TNR: 0.9555158730158727
FPR: 0.04448412698412699
FNR: 0.2304047619047619
Accuracy: 0.9681818181818181
Precision: 0.8797250859106529
Recall: 1.0
F1 Score: 0.9360146252285192
